Q1: . 31 41 53 93 . 26 97 58 59


Q2: 0.8


Q3: . 41 31 53 93 . 26 97 58 59


Q4: the number 2, 3, 4


Q5: the number 7, 8, 9


Q6: . 31 T T 93 . 26 97 58 59


Q7: 106 31 107 110 93 . 26 97 58 59


Q8: |108|151|221|103|.|145|245|106|246|107|
    | 2 | 0 | 1 | 0 |-| 0 | 1 | 1 | 2 | 2 |


Q9: |108|221|151|103|.|145|245|106|246|107|
    | 2 | 0 | 1 | 0 |-| 0 | 1 | 1 | 2 | 2 |


Q10: |108|151|221|103|.|145|245|106|246|107|
     | 2 | 0 | 1 | 0 |-| 0 | 1 | 1 | 2 | 2 |
                         ^   ^   ^
                                (345 2) 2 > 1 so 345 don't contained in the table


Q11: |108|151|221|103|.|145|245|106|246|107|
     | 2 | 0 | 1 | 0 |-| 0 | 1 | 1 | 2 | 2 |
       ^   ^
           (300, 1) where 1 > 0 so 300 don't contained in the table


Q12: |108|221| . |103|.|145|245|106|246|107|
     | 2 | 0 | - | 0 |-| 0 | 1 | 1 | 2 | 2 |


Q13: | . |221| . |103|.|245|106|246|107|108|
     | - | 0 | - | 0 |-| 0 | 0 | 1 | 1 | 1 |







